-135.000000	0.519000
-134.750000	0.519000
-134.500000	0.519000
-134.250000	0.508000
-134.000000	0.508000
-133.750000	0.506000
-133.500000	0.501000
-133.250000	0.500000
-133.000000	0.495000
-132.750000	0.488000
-132.500000	0.483000
-132.250000	0.480000
-132.000000	0.474000
-131.750000	0.475000
-131.500000	0.469000
-131.250000	0.465000
-131.000000	0.465000
-130.750000	0.457000
-130.500000	0.455000
-130.250000	0.454000
-130.000000	0.444000
-129.750000	0.438000
-129.500000	0.434000
-129.250000	0.434000
-129.000000	0.429000
-128.750000	0.424000
-128.500000	0.419000
-128.250000	0.419000
-128.000000	0.419000
-127.750000	0.418000
-127.500000	0.403000
-127.250000	0.402000
-127.000000	0.400000
-126.750000	0.395000
-126.500000	0.392000
-126.250000	0.383000
-126.000000	0.380000
-125.750000	0.374000
-125.500000	0.372000
-125.250000	0.370000
-125.000000	0.369000
-124.750000	0.365000
-124.500000	0.360000
-124.250000	0.356000
-124.000000	0.350000
-123.750000	0.349000
-123.500000	0.350000
-123.250000	0.342000
-123.000000	0.335000
-122.750000	0.329000
-122.500000	0.326000
-122.250000	0.324000
-122.000000	0.324000
-121.750000	0.320000
-121.500000	0.320000
-121.250000	0.311000
-121.000000	0.311000
-120.750000	0.314000
-120.500000	0.311000
-120.250000	0.314000
-120.000000	0.325000
-119.750000	0.331000
-119.500000	0.403000
-119.250000	0.471000
-119.000000	0.486000
-118.750000	0.486000
-118.500000	0.458000
-118.250000	0.433000
-118.000000	0.391000
-117.750000	0.378000
-117.500000	0.348000
-117.250000	0.340000
-117.000000	0.340000
-116.750000	0.341000
-116.500000	0.340000
-116.250000	0.340000
-116.000000	0.347000
-115.750000	0.352000
-115.500000	0.355000
-115.250000	0.360000
-115.000000	0.361000
-114.750000	0.362000
-114.500000	0.365000
-114.250000	0.368000
-114.000000	0.370000
-113.750000	0.370000
-113.500000	0.370000
-113.250000	0.375000
-113.000000	0.375000
-112.750000	0.375000
-112.500000	0.376000
-112.250000	0.382000
-112.000000	0.383000
-111.750000	0.394000
-111.500000	0.394000
-111.250000	0.390000
-111.000000	0.395000
-110.750000	0.397000
-110.500000	0.401000
-110.250000	0.406000
-110.000000	0.409000
-109.750000	0.410000
-109.500000	0.414000
-109.250000	0.417000
-109.000000	0.421000
-108.750000	0.421000
-108.500000	0.425000
-108.250000	0.426000
-108.000000	0.427000
-107.750000	0.427000
-107.500000	0.433000
-107.250000	0.440000
-107.000000	0.443000
-106.750000	0.443000
-106.500000	0.445000
-106.250000	0.448000
-106.000000	0.448000
-105.750000	0.450000
-105.500000	0.448000
-105.250000	0.443000
-105.000000	0.411000
-104.750000	0.407000
-104.500000	0.400000
-104.250000	0.403000
-104.000000	0.399000
-103.750000	0.398000
-103.500000	0.398000
-103.250000	0.395000
-103.000000	0.395000
-102.750000	0.395000
-102.500000	0.395000
-102.250000	0.395000
-102.000000	0.395000
-101.750000	0.396000
-101.500000	0.393000
-101.250000	0.393000
-101.000000	0.394000
-100.750000	0.396000
-100.500000	0.400000
-100.250000	0.405000
-100.000000	0.407000
-99.750000	0.407000
-99.500000	0.410000
-99.250000	0.409000
-99.000000	0.397000
-98.750000	0.392000
-98.500000	0.392000
-98.250000	0.390000
-98.000000	0.388000
-97.750000	0.388000
-97.500000	0.387000
-97.250000	0.388000
-97.000000	0.391000
-96.750000	0.391000
-96.500000	0.393000
-96.250000	0.393000
-96.000000	0.392000
-95.750000	0.392000
-95.500000	0.392000
-95.250000	0.392000
-95.000000	0.394000
-94.750000	0.396000
-94.500000	0.396000
-94.250000	0.396000
-94.000000	0.398000
-93.750000	0.429000
-93.500000	0.531000
-93.250000	0.623000
-93.000000	0.646000
-92.750000	0.660000
-92.500000	0.687000
-92.250000	0.856000
-92.000000	0.991000
-91.750000	1.012000
-91.500000	1.028000
-91.250000	1.030000
-91.000000	1.030000
-90.750000	1.030000
-90.500000	1.034000
-90.250000	1.030000
-90.000000	1.029000
-89.750000	1.029000
-89.500000	1.027000
-89.250000	1.025000
-89.000000	1.022000
-88.750000	1.022000
-88.500000	1.019000
-88.250000	1.017000
-88.000000	1.016000
-87.750000	1.020000
-87.500000	1.025000
-87.250000	1.023000
-87.000000	1.016000
-86.750000	1.021000
-86.500000	1.035000
-86.250000	1.027000
-86.000000	1.024000
-85.750000	1.008000
-85.500000	1.008000
-85.250000	1.001000
-85.000000	1.000000
-84.750000	0.999000
-84.500000	0.998000
-84.250000	0.999000
-84.000000	0.999000
-83.750000	0.996000
-83.500000	0.995000
-83.250000	0.995000
-83.000000	0.998000
-82.750000	1.004000
-82.500000	1.004000
-82.250000	0.999000
-82.000000	0.994000
-81.750000	1.004000
-81.500000	1.010000
-81.250000	3.147000
-81.000000	3.459000
-80.750000	3.697000
-80.500000	3.698000
-80.250000	3.698000
-80.000000	3.711000
-79.750000	3.740000
-79.500000	3.881000
-79.250000	65.533997
-79.000000	65.533997
-78.750000	3.802000
-78.500000	3.778000
-78.250000	1.787000
-78.000000	1.773000
-77.750000	1.774000
-77.500000	1.767000
-77.250000	1.766000
-77.000000	1.768000
-76.750000	1.769000
-76.500000	1.766000
-76.250000	1.772000
-76.000000	1.787000
-75.750000	3.819000
-75.500000	3.850000
-75.250000	3.852000
-75.000000	3.871000
-74.750000	3.870000
-74.500000	3.874000
-74.250000	3.879000
-74.000000	3.856000
-73.750000	3.794000
-73.500000	3.794000
-73.250000	3.841000
-73.000000	3.878000
-72.750000	3.807000
-72.500000	3.533000
-72.250000	3.477000
-72.000000	3.457000
-71.750000	3.452000
-71.500000	3.448000
-71.250000	3.439000
-71.000000	3.430000
-70.750000	3.427000
-70.500000	3.427000
-70.250000	3.427000
-70.000000	3.427000
-69.750000	3.442000
-69.500000	3.449000
-69.250000	3.456000
-69.000000	3.482000
-68.750000	3.507000
-68.500000	1.329000
-68.250000	1.306000
-68.000000	5.287000
-67.750000	5.263000
-67.500000	5.435000
-67.250000	0.508000
-67.000000	0.481000
-66.750000	0.476000
-66.500000	0.482000
-66.250000	0.484000
-66.000000	0.493000
-65.750000	0.497000
-65.500000	0.493000
-65.250000	0.495000
-65.000000	0.498000
-64.750000	0.499000
-64.500000	0.502000
-64.250000	0.501000
-64.000000	0.501000
-63.750000	0.500000
-63.500000	0.497000
-63.250000	0.497000
-63.000000	0.497000
-62.750000	0.496000
-62.500000	0.499000
-62.250000	0.499000
-62.000000	0.496000
-61.750000	0.490000
-61.500000	0.470000
-61.250000	0.445000
-61.000000	0.445000
-60.750000	0.459000
-60.500000	0.487000
-60.250000	0.490000
-60.000000	0.492000
-59.750000	0.498000
-59.500000	0.499000
-59.250000	0.501000
-59.000000	0.499000
-58.750000	0.494000
-58.500000	0.492000
-58.250000	0.493000
-58.000000	0.496000
-57.750000	0.496000
-57.500000	0.495000
-57.250000	0.495000
-57.000000	0.500000
-56.750000	0.500000
-56.500000	0.496000
-56.250000	0.497000
-56.000000	0.498000
-55.750000	0.498000
-55.500000	0.492000
-55.250000	0.489000
-55.000000	0.489000
-54.750000	0.487000
-54.500000	0.487000
-54.250000	0.482000
-54.000000	0.479000
-53.750000	0.481000
-53.500000	0.482000
-53.250000	0.484000
-53.000000	0.481000
-52.750000	0.479000
-52.500000	0.481000
-52.250000	0.482000
-52.000000	0.484000
-51.750000	0.484000
-51.500000	0.485000
-51.250000	0.483000
-51.000000	0.483000
-50.750000	0.487000
-50.500000	0.489000
-50.250000	0.489000
-50.000000	0.487000
-49.750000	0.487000
-49.500000	0.488000
-49.250000	0.488000
-49.000000	0.490000
-48.750000	0.490000
-48.500000	0.493000
-48.250000	0.493000
-48.000000	0.493000
-47.750000	0.495000
-47.500000	0.495000
-47.250000	0.498000
-47.000000	0.498000
-46.750000	0.499000
-46.500000	0.496000
-46.250000	0.496000
-46.000000	0.499000
-45.750000	0.499000
-45.500000	0.503000
-45.250000	0.506000
-45.000000	0.506000
-44.750000	0.506000
-44.500000	0.511000
-44.250000	0.512000
-44.000000	0.512000
-43.750000	0.511000
-43.500000	0.511000
-43.250000	0.518000
-43.000000	0.516000
-42.750000	0.516000
-42.500000	0.516000
-42.250000	0.515000
-42.000000	0.515000
-41.750000	0.518000
-41.500000	0.518000
-41.250000	0.521000
-41.000000	0.522000
-40.750000	0.522000
-40.500000	0.520000
-40.250000	0.519000
-40.000000	0.529000
-39.750000	0.528000
-39.500000	0.528000
-39.250000	0.528000
-39.000000	0.530000
-38.750000	0.530000
-38.500000	0.532000
-38.250000	0.531000
-38.000000	0.534000
-37.750000	0.534000
-37.500000	0.535000
-37.250000	0.537000
-37.000000	0.537000
-36.750000	0.540000
-36.500000	0.543000
-36.250000	0.541000
-36.000000	0.541000
-35.750000	0.544000
-35.500000	0.544000
-35.250000	0.548000
-35.000000	0.548000
-34.750000	0.551000
-34.500000	0.551000
-34.250000	0.555000
-34.000000	0.555000
-33.750000	0.561000
-33.500000	0.562000
-33.250000	0.562000
-33.000000	0.560000
-32.750000	0.564000
-32.500000	0.565000
-32.250000	0.564000
-32.000000	0.564000
-31.750000	0.563000
-31.500000	0.568000
-31.250000	0.568000
-31.000000	0.568000
-30.750000	0.568000
-30.500000	0.572000
-30.250000	0.574000
-30.000000	0.576000
-29.750000	0.577000
-29.500000	0.577000
-29.250000	0.583000
-29.000000	0.588000
-28.750000	0.588000
-28.500000	0.588000
-28.250000	0.589000
-28.000000	0.589000
-27.750000	0.590000
-27.500000	0.592000
-27.250000	0.595000
-27.000000	0.623000
-26.750000	0.793000
-26.500000	1.007000
-26.250000	1.033000
-26.000000	1.048000
-25.750000	1.067000
-25.500000	1.078000
-25.250000	1.093000
-25.000000	1.104000
-24.750000	1.109000
-24.500000	1.127000
-24.250000	1.140000
-24.000000	1.156000
-23.750000	1.159000
-23.500000	1.172000
-23.250000	1.197000
-23.000000	1.207000
-22.750000	1.214000
-22.500000	1.271000
-22.250000	1.299000
-22.000000	1.296000
-21.750000	1.288000
-21.500000	1.278000
-21.250000	1.288000
-21.000000	1.280000
-20.750000	1.280000
-20.500000	1.238000
-20.250000	1.105000
-20.000000	1.044000
-19.750000	1.015000
-19.500000	1.000000
-19.250000	0.982000
-19.000000	0.976000
-18.750000	0.962000
-18.500000	0.914000
-18.250000	0.823000
-18.000000	0.740000
-17.750000	0.547000
-17.500000	0.499000
-17.250000	0.491000
-17.000000	0.486000
-16.750000	0.491000
-16.500000	0.492000
-16.250000	0.494000
-16.000000	0.491000
-15.750000	0.491000
-15.500000	0.492000
-15.250000	0.492000
-15.000000	0.497000
-14.750000	0.501000
-14.500000	0.497000
-14.250000	0.497000
-14.000000	0.498000
-13.750000	0.502000
-13.500000	0.506000
-13.250000	0.506000
-13.000000	0.506000
-12.750000	0.502000
-12.500000	0.502000
-12.250000	0.503000
-12.000000	0.506000
-11.750000	0.506000
-11.500000	0.506000
-11.250000	0.506000
-11.000000	0.505000
-10.750000	0.506000
-10.500000	0.509000
-10.250000	0.509000
-10.000000	0.510000
-9.750000	0.511000
-9.500000	0.508000
-9.250000	0.511000
-9.000000	0.515000
-8.750000	0.515000
-8.500000	0.515000
-8.250000	0.518000
-8.000000	0.519000
-7.750000	0.524000
-7.500000	0.524000
-7.250000	0.523000
-7.000000	0.521000
-6.750000	0.521000
-6.500000	0.524000
-6.250000	0.524000
-6.000000	0.524000
-5.750000	0.522000
-5.500000	0.524000
-5.250000	0.529000
-5.000000	0.529000
-4.750000	0.529000
-4.500000	0.534000
-4.250000	0.534000
-4.000000	0.532000
-3.750000	0.532000
-3.500000	0.541000
-3.250000	0.537000
-3.000000	0.537000
-2.750000	0.537000
-2.500000	0.540000
-2.250000	0.541000
-2.000000	0.541000
-1.750000	0.540000
-1.500000	0.539000
-1.250000	0.538000
-1.000000	0.534000
-0.750000	0.532000
-0.500000	0.531000
-0.250000	0.529000
0.000000	0.529000
0.250000	0.530000
0.500000	0.530000
0.750000	0.530000
1.000000	0.530000
1.250000	0.528000
1.500000	0.527000
1.750000	0.521000
2.000000	0.521000
2.250000	0.521000
2.500000	0.520000
2.750000	0.520000
3.000000	0.519000
3.250000	0.516000
3.500000	0.516000
3.750000	0.516000
4.000000	0.519000
4.250000	0.519000
4.500000	0.525000
4.750000	0.522000
5.000000	0.517000
5.250000	0.520000
5.500000	0.514000
5.750000	0.514000
6.000000	0.511000
6.250000	0.509000
6.500000	0.509000
6.750000	0.508000
7.000000	0.508000
7.250000	0.508000
7.500000	0.511000
7.750000	0.509000
8.000000	0.509000
8.250000	0.509000
8.500000	0.505000
8.750000	0.505000
9.000000	0.508000
9.250000	0.508000
9.500000	0.503000
9.750000	0.502000
10.000000	0.503000
10.250000	0.506000
10.500000	0.503000
10.750000	0.503000
11.000000	0.503000
11.250000	0.503000
11.500000	0.497000
11.750000	0.496000
12.000000	0.495000
12.250000	0.495000
12.500000	0.495000
12.750000	0.498000
13.000000	0.498000
13.250000	0.495000
13.500000	0.496000
13.750000	0.496000
14.000000	0.494000
14.250000	0.494000
14.500000	0.495000
14.750000	0.494000
15.000000	0.495000
15.250000	0.496000
15.500000	0.496000
15.750000	0.496000
16.000000	0.497000
16.250000	0.499000
16.500000	0.495000
16.750000	0.501000
17.000000	0.501000
17.250000	0.501000
17.500000	0.499000
17.750000	0.496000
18.000000	0.497000
18.250000	0.497000
18.500000	0.501000
18.750000	0.501000
19.000000	0.501000
19.250000	0.505000
19.500000	0.505000
19.750000	0.508000
20.000000	0.508000
20.250000	0.507000
20.500000	0.504000
20.750000	0.508000
21.000000	0.509000
21.250000	0.509000
21.500000	0.509000
21.750000	0.509000
22.000000	0.509000
22.250000	0.509000
22.500000	0.515000
22.750000	0.515000
23.000000	0.517000
23.250000	0.515000
23.500000	0.517000
23.750000	0.515000
24.000000	0.518000
24.250000	0.518000
24.500000	0.520000
24.750000	0.520000
25.000000	0.522000
25.250000	0.522000
25.500000	0.527000
25.750000	0.526000
26.000000	0.526000
26.250000	0.528000
26.500000	0.528000
26.750000	0.528000
27.000000	0.528000
27.250000	0.532000
27.500000	0.533000
27.750000	0.534000
28.000000	0.537000
28.250000	0.537000
28.500000	0.537000
28.750000	0.540000
29.000000	0.540000
29.250000	0.540000
29.500000	0.540000
29.750000	0.540000
30.000000	0.540000
30.250000	0.544000
30.500000	0.544000
30.750000	0.544000
31.000000	0.544000
31.250000	0.545000
31.500000	0.545000
31.750000	0.545000
32.000000	0.549000
32.250000	0.549000
32.500000	0.555000
32.750000	0.556000
33.000000	0.559000
33.250000	0.557000
33.500000	0.560000
33.750000	0.563000
34.000000	0.567000
34.250000	0.568000
34.500000	0.575000
34.750000	0.575000
35.000000	0.578000
35.250000	0.578000
35.500000	0.578000
35.750000	0.574000
36.000000	0.578000
36.250000	0.578000
36.500000	0.578000
36.750000	0.583000
37.000000	0.588000
37.250000	0.610000
37.500000	0.658000
37.750000	0.672000
38.000000	0.804000
38.250000	2.598000
38.500000	2.598000
38.750000	2.598000
39.000000	2.607000
39.250000	2.610000
39.500000	2.618000
39.750000	2.630000
40.000000	2.644000
40.250000	2.652000
40.500000	2.682000
40.750000	2.794000
41.000000	2.847000
41.250000	2.267000
41.500000	2.416000
41.750000	2.416000
42.000000	2.351000
42.250000	2.321000
42.500000	2.279000
42.750000	2.229000
43.000000	2.202000
43.250000	2.202000
43.500000	2.202000
43.750000	2.182000
44.000000	2.153000
44.250000	2.164000
44.500000	2.154000
44.750000	2.164000
45.000000	2.198000
45.250000	2.196000
45.500000	2.197000
45.750000	2.212000
46.000000	2.217000
46.250000	2.222000
46.500000	2.251000
46.750000	2.219000
47.000000	65.533997
47.250000	65.533997
47.500000	65.533997
47.750000	65.533997
48.000000	65.533997
48.250000	65.533997
48.500000	65.533997
48.750000	3.520000
49.000000	3.513000
49.250000	3.583000
49.500000	3.566000
49.750000	3.559000
50.000000	3.542000
50.250000	3.542000
50.500000	3.568000
50.750000	3.791000
51.000000	2.026000
51.250000	2.035000
51.500000	2.028000
51.750000	2.028000
52.000000	2.024000
52.250000	2.009000
52.500000	2.002000
52.750000	1.999000
53.000000	1.994000
53.250000	1.989000
53.500000	1.979000
53.750000	1.983000
54.000000	1.978000
54.250000	1.958000
54.500000	1.954000
54.750000	1.954000
55.000000	1.958000
55.250000	1.950000
55.500000	1.952000
55.750000	1.952000
56.000000	1.944000
56.250000	1.941000
56.500000	1.938000
56.750000	1.929000
57.000000	1.925000
57.250000	1.921000
57.500000	1.911000
57.750000	1.908000
58.000000	1.899000
58.250000	1.893000
58.500000	1.890000
58.750000	1.884000
59.000000	1.876000
59.250000	1.866000
59.500000	1.866000
59.750000	1.864000
60.000000	1.855000
60.250000	1.850000
60.500000	1.843000
60.750000	1.839000
61.000000	1.833000
61.250000	1.826000
61.500000	1.821000
61.750000	1.818000
62.000000	1.814000
62.250000	1.811000
62.500000	1.807000
62.750000	1.804000
63.000000	1.795000
63.250000	1.792000
63.500000	1.783000
63.750000	1.782000
64.000000	1.775000
64.250000	1.773000
64.500000	1.768000
64.750000	1.761000
65.000000	1.760000
65.250000	1.757000
65.500000	1.757000
65.750000	1.751000
66.000000	1.760000
66.250000	1.771000
66.500000	1.778000
66.750000	1.802000
67.000000	1.824000
67.250000	1.839000
67.500000	1.845000
67.750000	1.863000
68.000000	1.880000
68.250000	1.894000
68.500000	1.912000
68.750000	1.937000
69.000000	1.955000
69.250000	1.980000
69.500000	2.000000
69.750000	2.035000
70.000000	2.055000
70.250000	2.063000
70.500000	1.771000
70.750000	1.673000
71.000000	1.669000
71.250000	1.665000
71.500000	1.663000
71.750000	1.659000
72.000000	1.656000
72.250000	1.653000
72.500000	1.652000
72.750000	1.648000
73.000000	1.645000
73.250000	1.578000
73.500000	1.364000
73.750000	1.263000
74.000000	1.250000
74.250000	1.249000
74.500000	1.247000
74.750000	1.259000
75.000000	1.247000
75.250000	1.254000
75.500000	1.371000
75.750000	2.025000
76.000000	2.022000
76.250000	2.033000
76.500000	2.036000
76.750000	2.028000
77.000000	2.020000
77.250000	1.909000
77.500000	1.663000
77.750000	1.663000
78.000000	1.658000
78.250000	1.654000
78.500000	1.649000
78.750000	1.645000
79.000000	1.643000
79.250000	1.643000
79.500000	1.646000
79.750000	1.648000
80.000000	1.652000
80.250000	1.656000
80.500000	1.662000
80.750000	1.667000
81.000000	1.674000
81.250000	1.737000
81.500000	1.972000
81.750000	1.985000
82.000000	1.989000
82.250000	1.974000
82.500000	1.987000
82.750000	1.984000
83.000000	1.973000
83.250000	1.979000
83.500000	1.984000
83.750000	1.975000
84.000000	1.976000
84.250000	1.980000
84.500000	1.970000
84.750000	1.971000
85.000000	1.968000
85.250000	1.959000
85.500000	1.953000
85.750000	1.959000
86.000000	1.952000
86.250000	1.940000
86.500000	1.947000
86.750000	1.951000
87.000000	1.944000
87.250000	1.942000
87.500000	1.940000
87.750000	1.943000
88.000000	1.939000
88.250000	1.943000
88.500000	2.013000
88.750000	2.088000
89.000000	2.256000
89.250000	2.256000
89.500000	2.179000
89.750000	2.092000
90.000000	2.090000
90.250000	2.088000
90.500000	2.089000
90.750000	2.087000
91.000000	2.086000
91.250000	1.743000
91.500000	1.592000
91.750000	1.581000
92.000000	1.581000
92.250000	1.581000
92.500000	1.584000
92.750000	1.591000
93.000000	1.591000
93.250000	1.579000
93.500000	1.580000
93.750000	1.580000
94.000000	1.580000
94.250000	1.583000
94.500000	1.639000
94.750000	1.733000
95.000000	1.739000
95.250000	1.739000
95.500000	1.738000
95.750000	1.738000
96.000000	1.744000
96.250000	1.745000
96.500000	1.746000
96.750000	1.745000
97.000000	1.746000
97.250000	1.747000
97.500000	1.748000
97.750000	1.746000
98.000000	1.745000
98.250000	1.750000
98.500000	1.749000
98.750000	1.749000
99.000000	1.750000
99.250000	1.751000
99.500000	1.752000
99.750000	1.752000
100.000000	1.752000
100.250000	1.753000
100.500000	1.752000
100.750000	1.749000
101.000000	1.749000
101.250000	1.751000
101.500000	1.754000
101.750000	1.755000
102.000000	1.761000
102.250000	1.764000
102.500000	1.768000
102.750000	1.774000
103.000000	1.774000
103.250000	1.774000
103.500000	1.775000
103.750000	1.775000
104.000000	1.775000
104.250000	1.781000
104.500000	1.786000
104.750000	1.787000
105.000000	1.787000
105.250000	1.775000
105.500000	1.793000
105.750000	1.795000
106.000000	1.808000
106.250000	1.835000
106.500000	4.534000
106.750000	4.368000
107.000000	4.356000
107.250000	4.352000
107.500000	2.879000
107.750000	2.827000
108.000000	2.785000
108.250000	2.745000
108.500000	2.705000
108.750000	2.671000
109.000000	2.617000
109.250000	2.578000
109.500000	2.533000
109.750000	2.492000
110.000000	2.450000
110.250000	2.450000
110.500000	2.502000
110.750000	2.508000
111.000000	2.510000
111.250000	2.511000
111.500000	2.518000
111.750000	2.522000
112.000000	2.527000
112.250000	2.528000
112.500000	2.527000
112.750000	2.481000
113.000000	2.505000
113.250000	2.545000
113.500000	2.548000
113.750000	2.553000
114.000000	2.556000
114.250000	2.558000
114.500000	2.493000
114.750000	1.872000
115.000000	1.751000
115.250000	1.703000
115.500000	1.695000
115.750000	1.700000
116.000000	1.694000
116.250000	1.700000
116.500000	1.701000
116.750000	1.721000
117.000000	2.092000
117.250000	2.228000
117.500000	2.204000
117.750000	2.186000
118.000000	2.194000
118.250000	2.141000
118.500000	1.651000
118.750000	1.651000
119.000000	1.655000
119.250000	1.655000
119.500000	1.427000
119.750000	1.390000
120.000000	1.383000
120.250000	1.835000
120.500000	2.015000
120.750000	2.007000
121.000000	2.012000
121.250000	2.026000
121.500000	2.019000
121.750000	2.033000
122.000000	2.042000
122.250000	2.042000
122.500000	2.043000
122.750000	2.043000
123.000000	2.047000
123.250000	2.050000
123.500000	1.987000
123.750000	1.993000
124.000000	2.067000
124.250000	2.087000
124.500000	2.096000
124.750000	2.101000
125.000000	2.133000
125.250000	2.134000
125.500000	2.133000
125.750000	2.139000
126.000000	2.143000
126.250000	2.148000
126.500000	1.870000
126.750000	1.794000
127.000000	1.794000
127.250000	1.921000
127.500000	2.174000
127.750000	2.195000
128.000000	2.199000
128.250000	2.209000
128.500000	2.213000
128.750000	2.225000
129.000000	2.237000
129.250000	2.242000
129.500000	2.249000
129.750000	2.256000
130.000000	2.262000
130.250000	0.000000
130.500000	0.000000
130.750000	0.000000
131.000000	-1798340481333075472253983783626211328.000000
131.250000	0.000000
131.500000	10398716137037822875237041867587584.000000
131.750000	0.000000
132.000000	10398716137037822875237041867587584.000000
132.250000	0.000000
132.500000	10398716137037822875237041867587584.000000
132.750000	0.000000
133.000000	10398716137037822875237041867587584.000000
133.250000	0.000000
133.500000	10399774575771411875372080618799104.000000
133.750000	0.000000
134.000000	10403786739438735792843028680409088.000000
134.250000	0.000000
134.500000	10398716137037822875237041867587584.000000
134.750000	0.000000
